1554108633,ens33,0.00,0.00,0.00,0,0,0.00,0.00,0.00,0,0,0.00,0.00,0,0
1554108633,1001-eth4,0.00,0.00,0.00,0,0,0.00,0.00,0.00,0,0,0.00,0.00,0,0
1554108633,1001-eth3,0.00,0.00,0.00,0,0,0.00,0.00,0.00,0,0,0.00,0.00,0,0
1554108633,lo,0.00,0.00,0.00,0,0,0.00,0.00,0.00,0,0,0.00,0.00,0,0
1554108633,1001-eth1,0.00,0.00,0.00,0,0,0.00,0.00,0.00,0,0,0.00,0.00,0,0
1554108633,1001-eth12,0.00,0.00,0.00,0,0,0.00,0.00,0.00,0,0,0.00,0.00,0,0
1554108633,1001-eth6,0.00,0.00,0.00,0,0,0.00,0.00,0.00,0,0,0.00,0.00,0,0
1554108633,1001-eth13,0.00,0.00,0.00,0,0,0.00,0.00,0.00,0,0,0.00,0.00,0,0
1554108633,1001-eth11,0.00,0.00,0.00,0,0,0.00,0.00,0.00,0,0,0.00,0.00,0,0
1554108633,1001-eth5,0.00,0.00,0.00,0,0,0.00,0.00,0.00,0,0,0.00,0.00,0,0
1554108633,1001-eth9,0.00,0.00,0.00,0,0,0.00,0.00,0.00,0,0,0.00,0.00,0,0
1554108633,1001-eth7,0.00,0.00,0.00,0,0,0.00,0.00,0.00,0,0,0.00,0.00,0,0
1554108633,1001-eth2,0.00,0.00,0.00,0,0,0.00,0.00,0.00,0,0,0.00,0.00,0,0
1554108633,1001-eth8,0.00,0.00,0.00,0,0,0.00,0.00,0.00,0,0,0.00,0.00,0,0
1554108633,1001-eth10,0.00,0.00,0.00,0,0,0.00,0.00,0.00,0,0,0.00,0.00,0,0
1554108633,1001-eth15,0.00,0.00,0.00,0,0,0.00,0.00,0.00,0,0,0.00,0.00,0,0
1554108633,1001-eth14,0.00,0.00,0.00,0,0,0.00,0.00,0.00,0,0,0.00,0.00,0,0
1554108633,1001-eth16,0.00,0.00,0.00,0,0,0.00,0.00,0.00,0,0,0.00,0.00,0,0
1554108633,total,0.00,0.00,0.00,0,0,0.00,0.00,0.00,0,0,0.00,0.00,0,0
1554108634,ens33,0.00,0.00,0.00,0,0,0.00,0.00,0.00,0,0,0.00,0.00,0,0
1554108634,1001-eth4,19078.00,1130564.00,1149642.00,1130564,19078,289.00,390.00,679.00,390,289,0.00,0.00,0,0
1554108634,1001-eth3,1223966.00,27588.00,1251554.00,27588,1223966,423.00,418.00,841.00,418,423,0.00,0.00,0,0
1554108634,lo,100.00,100.00,200.00,100,100,2.00,2.00,4.00,2,2,0.00,0.00,0,0
1554108634,1001-eth1,1222718.00,1223378.00,2446096.00,1223378,1222718,799.00,809.00,1608.00,809,799,0.00,0.00,0,0
1554108634,1001-eth12,1208404.00,753604.00,1962008.00,753604,1208404,626.00,646.00,1272.00,646,626,0.00,0.00,0,0
1554108634,1001-eth6,10602.00,503916.00,514518.00,503916,10602,161.00,176.00,337.00,176,161,0.00,0.00,0,0
1554108634,1001-eth13,890872.00,675520.00,1566392.00,675520,890872,488.00,516.00,1004.00,516,488,0.00,0.00,0,0
1554108634,1001-eth11,1209320.00,1210372.00,2419692.00,1210372,1209320,596.00,590.00,1186.00,590,596,0.00,0.00,0,0
1554108634,1001-eth5,1221382.00,904996.00,2126378.00,904996,1221382,691.00,702.00,1393.00,702,691,0.00,0.00,0,0
1554108634,1001-eth9,26136.00,1223900.00,1250036.00,1223900,26136,396.00,422.00,818.00,422,396,0.00,0.00,0,0
1554108634,1001-eth7,1220586.00,1223424.00,2444010.00,1223424,1220586,789.00,810.00,1599.00,810,789,0.00,0.00,0,0
1554108634,1001-eth2,11022.00,678628.00,689650.00,678628,11022,167.00,234.00,401.00,234,167,0.00,0.00,0,0
1554108634,1001-eth8,1222006.00,395734.00,1617740.00,395734,1222006,503.00,533.00,1036.00,533,503,0.00,0.00,0,0
1554108634,1001-eth10,15580.00,748268.00,763848.00,748268,15580,236.00,258.00,494.00,258,236,0.00,0.00,0,0
1554108634,1001-eth15,1196512.00,788518.00,1985030.00,788518,1196512,380.00,451.00,831.00,451,380,0.00,0.00,0,0
1554108634,1001-eth14,532.00,32582.00,33114.00,32582,532,8.00,11.00,19.00,11,8,0.00,0.00,0,0
1554108634,1001-eth16,1223448.00,1223246.00,2446694.00,1223246,1223448,810.00,807.00,1617.00,807,810,0.00,0.00,0,0
1554108634,total,11922264.00,12744338.00,24666602.00,12744338,11922264,7364.00,7775.00,15139.00,7775,7364,0.00,0.00,0,0
1554108635,ens33,0.00,0.00,0.00,0,0,0.00,0.00,0.00,0,0,0.00,0.00,0,0
1554108635,1001-eth4,18452.00,798366.00,816818.00,798366,18452,236.00,315.00,551.00,315,236,0.00,0.00,0,0
1554108635,1001-eth3,1221544.00,450674.00,1672218.00,450674,1221544,496.00,559.00,1055.00,559,496,0.00,0.00,0,0
1554108635,lo,100.00,100.00,200.00,100,100,2.00,2.00,4.00,2,2,0.00,0.00,0,0
1554108635,1001-eth1,1222916.00,1220552.00,2443468.00,1220552,1222916,802.00,810.00,1612.00,810,802,0.00,0.00,0,0
1554108635,1001-eth12,1211102.00,778880.00,1989982.00,778880,1211102,623.00,656.00,1279.00,656,623,0.00,0.00,0,0
1554108635,1001-eth6,10762.00,518614.00,529376.00,518614,10762,163.00,179.00,342.00,179,163,0.00,0.00,0,0
1554108635,1001-eth13,800960.00,715074.00,1516034.00,715074,800960,464.00,501.00,965.00,501,464,0.00,0.00,0,0
1554108635,1001-eth11,1205476.00,1212386.00,2417862.00,1212386,1205476,582.00,577.00,1159.00,577,582,0.00,0.00,0,0
1554108635,1001-eth5,1220454.00,814820.00,2035274.00,814820,1220454,655.00,674.00,1329.00,674,655,0.00,0.00,0,0
1554108635,1001-eth9,26202.00,1220938.00,1247140.00,1220938,26202,397.00,421.00,818.00,421,397,0.00,0.00,0,0
1554108635,1001-eth7,1222194.00,1220350.00,2442544.00,1220350,1222194,791.00,807.00,1598.00,807,791,0.00,0.00,0,0
1554108635,1001-eth2,19008.00,1154260.00,1173268.00,1154260,19008,288.00,398.00,686.00,398,288,0.00,0.00,0,0
1554108635,1001-eth8,1222822.00,936394.00,2159216.00,936394,1222822,625.00,717.00,1342.00,717,625,0.00,0.00,0,0
1554108635,1001-eth10,15378.00,740896.00,756274.00,740896,15378,233.00,256.00,489.00,256,233,0.00,0.00,0,0
1554108635,1001-eth15,1192520.00,423112.00,1615632.00,423112,1192520,276.00,312.00,588.00,312,276,0.00,0.00,0,0
1554108635,1001-eth14,9210.00,239072.00,248282.00,239072,9210,101.00,112.00,213.00,112,101,0.00,0.00,0,0
1554108635,1001-eth16,1223246.00,1220416.00,2443662.00,1220416,1223246,807.00,808.00,1615.00,808,807,0.00,0.00,0,0
1554108635,total,11842346.00,13664904.00,25507250.00,13664904,11842346,7541.00,8104.00,15645.00,8104,7541,0.00,0.00,0,0
1554108636,ens33,0.00,0.00,0.00,0,0,0.00,0.00,0.00,0,0,0.00,0.00,0,0
1554108636,1001-eth4,34686.00,755004.00,789690.00,755004,34686,369.00,382.00,751.00,382,369,0.00,0.00,0,0
1554108636,1001-eth3,1225294.00,427964.00,1653258.00,427964,1225294,487.00,558.00,1045.00,558,487,0.00,0.00,0,0
1554108636,lo,100.00,100.00,200.00,100,100,2.00,2.00,4.00,2,2,0.00,0.00,0,0
1554108636,1001-eth1,1225746.00,1223312.00,2449058.00,1223312,1225746,801.00,808.00,1609.00,808,801,0.00,0.00,0,0
1554108636,1001-eth12,1210838.00,787766.00,1998604.00,787766,1210838,619.00,659.00,1278.00,659,619,0.00,0.00,0,0
1554108636,1001-eth6,11616.00,606026.00,617642.00,606026,11616,176.00,209.00,385.00,209,176,0.00,0.00,0,0
1554108636,1001-eth13,798196.00,747524.00,1545720.00,747524,798196,466.00,510.00,976.00,510,466,0.00,0.00,0,0
1554108636,1001-eth11,1208792.00,1203854.00,2412646.00,1203854,1208792,588.00,579.00,1167.00,579,588,0.00,0.00,0,0
1554108636,1001-eth5,1226440.00,811792.00,2038232.00,811792,1226440,636.00,672.00,1308.00,672,636,0.00,0.00,0,0
1554108636,1001-eth9,26070.00,1225414.00,1251484.00,1225414,26070,395.00,423.00,818.00,423,395,0.00,0.00,0,0
1554108636,1001-eth7,1221398.00,1220614.00,2442012.00,1220614,1221398,779.00,811.00,1590.00,811,779,0.00,0.00,0,0
1554108636,1001-eth2,18740.00,585498.00,604238.00,585498,18740,216.00,249.00,465.00,249,216,0.00,0.00,0,0
1554108636,1001-eth8,1225822.00,419386.00,1645208.00,419386,1225822,495.00,549.00,1044.00,549,495,0.00,0.00,0,0
1554108636,1001-eth10,14718.00,739382.00,754100.00,739382,14718,223.00,255.00,478.00,255,223,0.00,0.00,0,0
1554108636,1001-eth15,1193238.00,664052.00,1857290.00,664052,1193238,385.00,430.00,815.00,430,385,0.00,0.00,0,0
1554108636,1001-eth14,470.00,14810.00,15280.00,14810,470,5.00,5.00,10.00,5,5,0.00,0.00,0,0
1554108636,1001-eth16,1224694.00,1223444.00,2448138.00,1223444,1224694,807.00,810.00,1617.00,810,807,0.00,0.00,0,0
1554108636,total,11866858.00,12655942.00,24522800.00,12655942,11866858,7449.00,7911.00,15360.00,7911,7449,0.00,0.00,0,0
1554108637,ens33,0.00,0.00,0.00,0,0,0.00,0.00,0.00,0,0,0.00,0.00,0,0
1554108637,1001-eth4,19928.00,547652.00,567580.00,547652,19928,212.00,246.00,458.00,246,212,0.00,0.00,0,0
1554108637,1001-eth3,1222988.00,119368.00,1342356.00,119368,1222988,474.00,492.00,966.00,492,474,0.00,0.00,0,0
1554108637,lo,100.00,100.00,200.00,100,100,2.00,2.00,4.00,2,2,0.00,0.00,0,0
1554108637,1001-eth1,1223052.00,1223378.00,2446430.00,1223378,1223052,804.00,809.00,1613.00,809,804,0.00,0.00,0,0
1554108637,1001-eth12,1211040.00,823310.00,2034350.00,823310,1211040,622.00,671.00,1293.00,671,622,0.00,0.00,0,0
1554108637,1001-eth6,10098.00,545272.00,555370.00,545272,10098,153.00,188.00,341.00,188,153,0.00,0.00,0,0
1554108637,1001-eth13,772990.00,777148.00,1550138.00,777148,772990,457.00,520.00,977.00,520,457,0.00,0.00,0,0
1554108637,1001-eth11,1208137.00,1209708.00,2417845.00,1209708,1208137,576.00,558.00,1134.00,558,576,0.00,0.00,0,0
1554108637,1001-eth5,1222356.00,786648.00,2009004.00,786648,1222356,618.00,664.00,1282.00,664,618,0.00,0.00,0,0
1554108637,1001-eth9,26206.00,1223900.00,1250106.00,1223900,26206,397.00,422.00,819.00,422,397,0.00,0.00,0,0
1554108637,1001-eth7,1226134.00,1223708.00,2449842.00,1223708,1226134,763.00,814.00,1577.00,814,763,0.00,0.00,0,0
1554108637,1001-eth2,23515.00,506452.00,529967.00,506452,23515,249.00,258.00,507.00,258,249,0.00,0.00,0,0
1554108637,1001-eth8,1223998.00,239972.00,1463970.00,239972,1223998,467.00,492.00,959.00,492,467,0.00,0.00,0,0
1554108637,1001-eth10,16571.00,866814.00,883385.00,866814,16571,249.00,299.00,548.00,299,249,0.00,0.00,0,0
1554108637,1001-eth15,1190786.00,166498.00,1357284.00,166498,1190786,239.00,241.00,480.00,241,239,0.00,0.00,0,0
1554108637,1001-eth14,7238.00,183978.00,191216.00,183978,7238,77.00,89.00,166.00,89,77,0.00,0.00,0,0
1554108637,1001-eth16,1223378.00,1223444.00,2446822.00,1223444,1223378,809.00,810.00,1619.00,810,809,0.00,0.00,0,0
1554108637,total,11828515.00,11667350.00,23495864.00,11667350,11828515,7168.00,7575.00,14743.00,7575,7168,0.00,0.00,0,0
1554108638,ens33,0.00,0.00,0.00,0,0,0.00,0.00,0.00,0,0,0.00,0.00,0,0
1554108638,1001-eth4,39871.00,739142.00,779013.00,739142,39871,423.00,383.00,806.00,383,423,0.00,0.00,0,0
1554108638,1001-eth3,1233008.00,52640.00,1285648.00,52640,1233008,560.00,560.00,1120.00,560,560,0.00,0.00,0,0
1554108638,lo,100.00,100.00,200.00,100,100,2.00,2.00,4.00,2,2,0.00,0.00,0,0
1554108638,1001-eth1,1222855.00,1220284.00,2443139.00,1220284,1222855,799.00,806.00,1605.00,806,799,0.00,0.00,0,0
1554108638,1001-eth12,1207881.00,836540.00,2044421.00,836540,1207881,616.00,674.00,1290.00,674,616,0.00,0.00,0,0
1554108638,1001-eth6,13139.00,715686.00,728825.00,715686,13139,197.00,247.00,444.00,247,197,0.00,0.00,0,0
1554108638,1001-eth13,850399.00,815588.00,1665987.00,815588,850399,487.00,554.00,1041.00,554,487,0.00,0.00,0,0
1554108638,1001-eth11,1208396.00,1210698.00,2419094.00,1210698,1208396,582.00,573.00,1155.00,573,582,0.00,0.00,0,0
1554108638,1001-eth5,1224935.00,863594.00,2088529.00,863594,1224935,633.00,689.00,1322.00,689,633,0.00,0.00,0,0
1554108638,1001-eth9,26207.00,1223900.00,1250107.00,1223900,26207,395.00,422.00,817.00,422,395,0.00,0.00,0,0
1554108638,1001-eth7,1222253.00,1220548.00,2442801.00,1220548,1222253,746.00,810.00,1556.00,810,746,0.00,0.00,0,0
1554108638,1001-eth2,21808.00,540086.00,561894.00,540086,21808,232.00,263.00,495.00,263,232,0.00,0.00,0,0
1554108638,1001-eth8,1227072.00,157500.00,1384572.00,157500,1227072,540.00,552.00,1092.00,552,540,0.00,0.00,0,0
1554108638,1001-eth10,13332.00,730496.00,743828.00,730496,13332,202.00,252.00,454.00,252,202,0.00,0.00,0,0
1554108638,1001-eth15,1201845.00,465078.00,1666923.00,465078,1201845,360.00,399.00,759.00,399,360,0.00,0.00,0,0
1554108638,1001-eth14,767.00,17838.00,18605.00,17838,767,7.00,7.00,14.00,7,7,0.00,0.00,0,0
1554108638,1001-eth16,1226675.00,1223444.00,2450119.00,1223444,1226675,813.00,810.00,1623.00,810,813,0.00,0.00,0,0
1554108638,total,11940543.00,12033162.00,23973704.00,12033162,11940543,7594.00,8003.00,15597.00,8003,7594,0.00,0.00,0,0
1554108639,ens33,0.00,0.00,0.00,0,0,0.00,0.00,0.00,0,0,0.00,0.00,0,0
1554108639,1001-eth4,39480.00,482822.00,522302.00,482822,39480,420.00,251.00,671.00,251,420,0.00,0.00,0,0
1554108639,1001-eth3,1233205.00,487054.00,1720259.00,487054,1233205,714.00,765.00,1479.00,765,714,0.00,0.00,0,0
1554108639,lo,100.00,100.00,200.00,100,100,2.00,2.00,4.00,2,2,0.00,0.00,0,0
1554108639,1001-eth1,1219888.00,1220416.00,2440304.00,1220416,1219888,800.00,808.00,1608.00,808,800,0.00,0.00,0,0
1554108639,1001-eth12,1207810.00,832200.00,2040010.00,832200,1207810,617.00,674.00,1291.00,674,617,0.00,0.00,0,0
1554108639,1001-eth6,12012.00,699362.00,711374.00,699362,12012,182.00,241.00,423.00,241,182,0.00,0.00,0,0
1554108639,1001-eth13,782664.00,820456.00,1603120.00,820456,782664,472.00,540.00,1012.00,540,472,0.00,0.00,0,0
1554108639,1001-eth11,1208528.00,1202278.00,2410806.00,1202278,1208528,584.00,577.00,1161.00,577,584,0.00,0.00,0,0
1554108639,1001-eth5,1221630.00,796330.00,2017960.00,796330,1221630,607.00,679.00,1286.00,679,607,0.00,0.00,0,0
1554108639,1001-eth9,26070.00,1222522.00,1248592.00,1222522,26070,395.00,423.00,818.00,423,395,0.00,0.00,0,0
1554108639,1001-eth7,1222050.00,1220548.00,2442598.00,1220548,1222050,745.00,810.00,1555.00,810,745,0.00,0.00,0,0
1554108639,1001-eth2,32242.00,687802.00,720044.00,687802,32242,343.00,351.00,694.00,351,343,0.00,0.00,0,0
1554108639,1001-eth8,1237585.00,671196.00,1908781.00,671196,1237585,820.00,898.00,1718.00,898,820,0.00,0.00,0,0
1554108639,1001-eth10,14190.00,800206.00,814396.00,800206,14190,215.00,277.00,492.00,277,215,0.00,0.00,0,0
1554108639,1001-eth15,1199318.00,531298.00,1730616.00,531298,1199318,427.00,437.00,864.00,437,427,0.00,0.00,0,0
1554108639,1001-eth14,8302.00,209056.00,217358.00,209056,8302,95.00,96.00,191.00,96,95,0.00,0.00,0,0
1554108639,1001-eth16,1220284.00,1223448.00,2443732.00,1223448,1220284,806.00,810.00,1616.00,810,806,0.00,0.00,0,0
1554108639,total,11885358.00,13107094.00,24992452.00,13107094,11885358,8244.00,8639.00,16883.00,8639,8244,0.00,0.00,0,0
1554108640,ens33,0.00,0.00,0.00,0,0,0.00,0.00,0.00,0,0,0.00,0.00,0,0
1554108640,1001-eth4,22704.00,358740.00,381444.00,358740,22704,256.00,170.00,426.00,170,256,0.00,0.00,0,0
1554108640,1001-eth3,1233234.00,138512.00,1371746.00,138512,1233234,641.00,646.00,1287.00,646,641,0.00,0.00,0,0
1554108640,lo,100.00,100.00,200.00,100,100,2.00,2.00,4.00,2,2,0.00,0.00,0,0
1554108640,1001-eth1,1222652.00,1223312.00,2445964.00,1223312,1222652,798.00,808.00,1606.00,808,798,0.00,0.00,0,0
1554108640,1001-eth12,1215674.00,586032.00,1801706.00,586032,1215674,629.00,652.00,1281.00,652,629,0.00,0.00,0,0
1554108640,1001-eth6,10296.00,611950.00,622246.00,611950,10296,156.00,211.00,367.00,211,156,0.00,0.00,0,0
1554108640,1001-eth13,1006232.00,512498.00,1518730.00,512498,1006232,542.00,569.00,1111.00,569,542,0.00,0.00,0,0
1554108640,1001-eth11,1205170.00,1211486.00,2416656.00,1211486,1205170,577.00,563.00,1140.00,563,577,0.00,0.00,0,0
1554108640,1001-eth5,1225256.00,1024598.00,2249854.00,1024598,1225256,640.00,757.00,1397.00,757,640,0.00,0.00,0,0
1554108640,1001-eth9,26136.00,1220938.00,1247074.00,1220938,26136,396.00,421.00,817.00,421,396,0.00,0.00,0,0
1554108640,1001-eth7,1224088.00,1223708.00,2447796.00,1223708,1224088,732.00,814.00,1546.00,814,732,0.00,0.00,0,0
1554108640,1001-eth2,36660.00,58584.00,95244.00,58584,36660,390.00,32.00,422.00,32,390,0.00,0.00,0,0
1554108640,1001-eth8,1231038.00,475090.00,1706128.00,475090,1231038,657.00,759.00,1416.00,759,657,0.00,0.00,0,0
1554108640,1001-eth10,16236.00,930530.00,946766.00,930530,16236,246.00,321.00,567.00,321,246,0.00,0.00,0,0
1554108640,1001-eth15,1195136.00,48608.00,1243744.00,48608,1195136,272.00,188.00,460.00,188,272,0.00,0.00,0,0
1554108640,1001-eth14,5808.00,189572.00,195380.00,189572,5808,88.00,86.00,174.00,86,88,0.00,0.00,0,0
1554108640,1001-eth16,1223378.00,1223576.00,2446954.00,1223576,1223378,809.00,812.00,1621.00,812,809,0.00,0.00,0,0
1554108640,total,12099798.00,11037834.00,23137632.00,11037834,12099798,7831.00,7811.00,15642.00,7811,7831,0.00,0.00,0,0
1554108641,ens33,0.00,0.00,0.00,0,0,0.00,0.00,0.00,0,0,0.00,0.00,0,0
1554108641,1001-eth4,18720.00,892564.00,911284.00,892564,18720,246.00,382.00,628.00,382,246,0.00,0.00,0,0
1554108641,1001-eth3,1231444.00,193344.00,1424788.00,193344,1231444,602.00,602.00,1204.00,602,602,0.00,0.00,0,0
1554108641,lo,100.00,100.00,200.00,100,100,2.00,2.00,4.00,2,2,0.00,0.00,0,0
1554108641,1001-eth1,1219624.00,1217256.00,2436880.00,1217256,1219624,796.00,804.00,1600.00,804,796,0.00,0.00,0,0
1554108641,1001-eth12,1213126.00,611044.00,1824170.00,611044,1213126,643.00,658.00,1301.00,658,643,0.00,0.00,0,0
1554108641,1001-eth6,10164.00,619388.00,629552.00,619388,10164,154.00,214.00,368.00,214,154,0.00,0.00,0,0
1554108641,1001-eth13,1143956.00,607418.00,1751374.00,607418,1143956,624.00,625.00,1249.00,625,624,0.00,0.00,0,0
1554108641,1001-eth11,1204712.00,1204514.00,2409226.00,1204514,1204712,592.00,589.00,1181.00,589,592,0.00,0.00,0,0
1554108641,1001-eth5,1223770.00,1165858.00,2389628.00,1165858,1223770,793.00,857.00,1650.00,857,793,0.00,0.00,0,0
1554108641,1001-eth9,25872.00,1223900.00,1249772.00,1223900,25872,392.00,422.00,814.00,422,392,0.00,0.00,0,0
1554108641,1001-eth7,1221192.00,1216006.00,2437198.00,1216006,1221192,732.00,807.00,1539.00,807,732,0.00,0.00,0,0
1554108641,1001-eth2,12396.00,158240.00,170636.00,158240,12396,134.00,72.00,206.00,72,134,0.00,0.00,0,0
1554108641,1001-eth8,1234124.00,409198.00,1643322.00,409198,1234124,968.00,753.00,1721.00,753,968,0.00,0.00,0,0
1554108641,1001-eth10,15972.00,942378.00,958350.00,942378,15972,242.00,325.00,567.00,325,242,0.00,0.00,0,0
1554108641,1001-eth15,1206370.00,655380.00,1861750.00,655380,1206370,539.00,496.00,1035.00,496,539,0.00,0.00,0,0
1554108641,1001-eth14,5148.00,175220.00,180368.00,175220,5148,78.00,66.00,144.00,66,78,0.00,0.00,0,0
1554108641,1001-eth16,1223312.00,1216534.00,2439846.00,1216534,1223312,808.00,815.00,1623.00,815,808,0.00,0.00,0,0
1554108641,total,12210002.00,12508342.00,24718344.00,12508342,12210002,8345.00,8489.00,16834.00,8489,8345,0.00,0.00,0,0
1554108642,ens33,0.00,0.00,0.00,0,0,0.00,0.00,0.00,0,0,0.00,0.00,0,0
1554108642,1001-eth4,26532.00,934614.00,961146.00,934614,26532,402.00,339.00,741.00,339,402,0.00,0.00,0,0
1554108642,1001-eth3,1223694.00,506164.00,1729858.00,506164,1223694,721.00,724.00,1445.00,724,721,0.00,0.00,0,0
1554108642,lo,100.00,100.00,200.00,100,100,2.00,2.00,4.00,2,2,0.00,0.00,0,0
1554108642,1001-eth1,1210672.00,1214228.00,2424900.00,1214228,1210672,792.00,802.00,1594.00,802,792,0.00,0.00,0,0
1554108642,1001-eth12,1211620.00,684570.00,1896190.00,684570,1211620,688.00,697.00,1385.00,697,688,0.00,0.00,0,0
1554108642,1001-eth6,18884.00,504670.00,523554.00,504670,18884,210.00,231.00,441.00,231,210,0.00,0.00,0,0
1554108642,1001-eth13,1191770.00,690886.00,1882656.00,690886,1191770,675.00,683.00,1358.00,683,675,0.00,0.00,0,0
1554108642,1001-eth11,1200818.00,1207662.00,2408480.00,1207662,1200818,533.00,527.00,1060.00,527,533,0.00,0.00,0,0
1554108642,1001-eth5,1222020.00,1217902.00,2439922.00,1217902,1222020,942.00,953.00,1895.00,953,942,0.00,0.00,0,0
1554108642,1001-eth9,25938.00,1216528.00,1242466.00,1216528,25938,393.00,420.00,813.00,420,393,0.00,0.00,0,0
1554108642,1001-eth7,1213688.00,1214094.00,2427782.00,1214094,1213688,728.00,819.00,1547.00,819,728,0.00,0.00,0,0
1554108642,1001-eth2,10164.00,1099430.00,1109594.00,1099430,10164,154.00,379.00,533.00,379,154,0.00,0.00,0,0
1554108642,1001-eth8,1223498.00,333766.00,1557264.00,333766,1223498,643.00,629.00,1272.00,629,643,0.00,0.00,0,0
1554108642,1001-eth10,18768.00,447670.00,466438.00,447670,18768,204.00,223.00,427.00,223,204,0.00,0.00,0,0
1554108642,1001-eth15,1205512.00,723828.00,1929340.00,723828,1205512,450.00,502.00,952.00,502,450,0.00,0.00,0,0
1554108642,1001-eth14,2376.00,106830.00,109206.00,106830,2376,36.00,39.00,75.00,39,36,0.00,0.00,0,0
1554108642,1001-eth16,1210392.00,1211444.00,2421836.00,1211444,1210392,700.00,694.00,1394.00,694,700,0.00,0.00,0,0
1554108642,total,12216446.00,13314386.00,25530832.00,13314386,12216446,8273.00,8663.00,16936.00,8663,8273,0.00,0.00,0,0
1554108643,ens33,0.00,0.00,0.00,0,0,0.00,0.00,0.00,0,0,0.00,0.00,0,0
1554108643,1001-eth4,15510.00,689292.00,704802.00,689292,15510,235.00,242.00,477.00,242,235,0.00,0.00,0,0
1554108643,1001-eth3,1225720.00,143898.00,1369618.00,143898,1225720,498.00,469.00,967.00,469,498,0.00,0.00,0,0
1554108643,lo,100.00,100.00,200.00,100,100,2.00,2.00,4.00,2,2,0.00,0.00,0,0
1554108643,1001-eth1,1225878.00,1221930.00,2447808.00,1221930,1225878,803.00,809.00,1612.00,809,803,0.00,0.00,0,0
1554108643,1001-eth12,1223930.00,884468.00,2108398.00,884468,1223930,697.00,742.00,1439.00,742,697,0.00,0.00,0,0
1554108643,1001-eth6,20868.00,170418.00,191286.00,170418,20868,222.00,81.00,303.00,81,222,0.00,0.00,0,0
1554108643,1001-eth13,1200536.00,759070.00,1959606.00,759070,1200536,678.00,663.00,1341.00,663,678,0.00,0.00,0,0
1554108643,1001-eth11,1200344.00,1209362.00,2409706.00,1209362,1200344,460.00,465.00,925.00,465,460,0.00,0.00,0,0
1554108643,1001-eth5,1232416.00,1225776.00,2458192.00,1225776,1232416,924.00,962.00,1886.00,962,924,0.00,0.00,0,0
1554108643,1001-eth9,26202.00,1223900.00,1250102.00,1223900,26202,397.00,422.00,819.00,422,397,0.00,0.00,0,0
1554108643,1001-eth7,1231042.00,1222238.00,2453280.00,1222238,1231042,969.00,923.00,1892.00,923,969,0.00,0.00,0,0
1554108643,1001-eth2,11484.00,545272.00,556756.00,545272,11484,174.00,188.00,362.00,188,174,0.00,0.00,0,0
1554108643,1001-eth8,1221696.00,300524.00,1522220.00,300524,1221696,486.00,532.00,1018.00,532,486,0.00,0.00,0,0
1554108643,1001-eth10,27824.00,405670.00,433494.00,405670,27824,296.00,179.00,475.00,179,296,0.00,0.00,0,0
1554108643,1001-eth15,1205134.00,529904.00,1735038.00,529904,1205134,379.00,372.00,751.00,372,379,0.00,0.00,0,0
1554108643,1001-eth14,3894.00,170546.00,174440.00,170546,3894,59.00,61.00,120.00,61,59,0.00,0.00,0,0
1554108643,1001-eth16,1190310.00,1213214.00,2403524.00,1213214,1190310,659.00,655.00,1314.00,655,659,0.00,0.00,0,0
1554108643,total,12262888.00,11915582.00,24178470.00,11915582,12262888,7938.00,7767.00,15705.00,7767,7938,0.00,0.00,0,0
1554108644,ens33,0.00,0.00,0.00,0,0,0.00,0.00,0.00,0,0,0.00,0.00,0,0
1554108644,1001-eth4,21054.00,989836.00,1010890.00,989836,21054,319.00,342.00,661.00,342,319,0.00,0.00,0,0
1554108644,1001-eth3,1223484.00,235994.00,1459478.00,235994,1223484,606.00,501.00,1107.00,501,606,0.00,0.00,0,0
1554108644,lo,100.00,100.00,200.00,100,100,2.00,2.00,4.00,2,2,0.00,0.00,0,0
1554108644,1001-eth1,1222784.00,1223312.00,2446096.00,1223312,1222784,800.00,808.00,1608.00,808,800,0.00,0.00,0,0
1554108644,1001-eth12,1222816.00,508958.00,1731774.00,508958,1222816,690.00,647.00,1337.00,647,690,0.00,0.00,0,0
1554108644,1001-eth6,11960.00,596022.00,607982.00,596022,11960,146.00,211.00,357.00,211,146,0.00,0.00,0,0
1554108644,1001-eth13,1196986.00,463930.00,1660916.00,463930,1196986,629.00,601.00,1230.00,601,629,0.00,0.00,0,0
1554108644,1001-eth11,1201920.00,1211334.00,2413254.00,1211334,1201920,440.00,451.00,891.00,451,440,0.00,0.00,0,0
1554108644,1001-eth5,1228646.00,1222560.00,2451206.00,1222560,1228646,823.00,906.00,1729.00,906,823,0.00,0.00,0,0
1554108644,1001-eth9,26070.00,1220938.00,1247008.00,1220938,26070,395.00,421.00,816.00,421,395,0.00,0.00,0,0
1554108644,1001-eth7,1231016.00,1222438.00,2453454.00,1222438,1231016,1188.00,893.00,2081.00,893,1188,0.00,0.00,0,0
1554108644,1001-eth2,16080.00,751272.00,767352.00,751272,16080,244.00,260.00,504.00,260,244,0.00,0.00,0,0
1554108644,1001-eth8,1223598.00,979554.00,2203152.00,979554,1223598,571.00,757.00,1328.00,757,571,0.00,0.00,0,0
1554108644,1001-eth10,32926.00,728144.00,761070.00,728144,32926,391.00,348.00,739.00,348,391,0.00,0.00,0,0
1554108644,1001-eth15,1204734.00,518250.00,1722984.00,518250,1204734,351.00,349.00,700.00,349,351,0.00,0.00,0,0
1554108644,1001-eth14,5280.00,223928.00,229208.00,223928,5280,80.00,80.00,160.00,80,80,0.00,0.00,0,0
1554108644,1001-eth16,1195438.00,1213404.00,2408842.00,1213404,1195438,627.00,614.00,1241.00,614,627,0.00,0.00,0,0
1554108644,total,12264892.00,13309974.00,25574866.00,13309974,12264892,8302.00,8191.00,16493.00,8191,8302,0.00,0.00,0,0
1554108645,ens33,0.00,0.00,0.00,0,0,0.00,0.00,0.00,0,0,0.00,0.00,0,0
1554108645,1001-eth4,12804.00,625312.00,638116.00,625312,12804,194.00,216.00,410.00,216,194,0.00,0.00,0,0
1554108645,1001-eth3,1220154.00,370642.00,1590796.00,370642,1220154,453.00,529.00,982.00,529,453,0.00,0.00,0,0
1554108645,lo,100.00,100.00,200.00,100,100,2.00,2.00,4.00,2,2,0.00,0.00,0,0
1554108645,1001-eth1,1222850.00,1223312.00,2446162.00,1223312,1222850,801.00,808.00,1609.00,808,801,0.00,0.00,0,0
1554108645,1001-eth12,1223514.00,679244.00,1902758.00,679244,1223514,723.00,726.00,1449.00,726,723,0.00,0.00,0,0
1554108645,1001-eth6,15180.00,946920.00,962100.00,946920,15180,230.00,328.00,558.00,328,230,0.00,0.00,0,0
1554108645,1001-eth13,1191818.00,570500.00,1762318.00,570500,1191818,645.00,658.00,1303.00,658,645,0.00,0.00,0,0
1554108645,1001-eth11,1201656.00,1209358.00,2411014.00,1209358,1201656,436.00,443.00,879.00,443,436,0.00,0.00,0,0
1554108645,1001-eth5,1232564.00,1221240.00,2453804.00,1221240,1232564,1014.00,958.00,1972.00,958,1014,0.00,0.00,0,0
1554108645,1001-eth9,26070.00,1222452.00,1248522.00,1222452,26070,395.00,422.00,817.00,422,395,0.00,0.00,0,0
1554108645,1001-eth7,1222682.00,1219830.00,2442512.00,1219830,1222682,601.00,843.00,1444.00,843,601,0.00,0.00,0,0
1554108645,1001-eth2,13506.00,623840.00,637346.00,623840,13506,205.00,216.00,421.00,216,205,0.00,0.00,0,0
1554108645,1001-eth8,1225464.00,131630.00,1357094.00,131630,1225464,468.00,459.00,927.00,459,468,0.00,0.00,0,0
1554108645,1001-eth10,15180.00,852136.00,867316.00,852136,15180,230.00,296.00,526.00,296,230,0.00,0.00,0,0
1554108645,1001-eth15,1199590.00,368306.00,1567896.00,368306,1199590,295.00,293.00,588.00,293,295,0.00,0.00,0,0
1554108645,1001-eth14,792.00,34096.00,34888.00,34096,792,12.00,12.00,24.00,12,12,0.00,0.00,0,0
1554108645,1001-eth16,1207158.00,1214922.00,2422080.00,1214922,1207158,651.00,637.00,1288.00,637,651,0.00,0.00,0,0
1554108645,total,12231082.00,12513840.00,24744922.00,12513840,12231082,7355.00,7846.00,15201.00,7846,7355,0.00,0.00,0,0
1554108646,ens33,0.00,0.00,0.00,0,0,0.00,0.00,0.00,0,0,0.00,0.00,0,0
1554108646,1001-eth4,10758.00,511176.00,521934.00,511176,10758,163.00,176.00,339.00,176,163,0.00,0.00,0,0
1554108646,1001-eth3,1224032.00,27390.00,1251422.00,27390,1224032,424.00,415.00,839.00,415,424,0.00,0.00,0,0
1554108646,lo,100.00,100.00,200.00,100,100,2.00,2.00,4.00,2,2,0.00,0.00,0,0
1554108646,1001-eth1,1218044.00,1220350.00,2438394.00,1220350,1218044,794.00,807.00,1601.00,807,794,0.00,0.00,0,0
1554108646,1001-eth12,1222150.00,693922.00,1916072.00,693922,1222150,739.00,729.00,1468.00,729,739,0.00,0.00,0,0
1554108646,1001-eth6,14784.00,706800.00,721584.00,706800,14784,224.00,244.00,468.00,244,224,0.00,0.00,0,0
1554108646,1001-eth13,1194506.00,625594.00,1820100.00,625594,1194506,689.00,681.00,1370.00,681,689,0.00,0.00,0,0
1554108646,1001-eth11,1197510.00,1202184.00,2399694.00,1202184,1197510,439.00,444.00,883.00,444,439,0.00,0.00,0,0
1554108646,1001-eth5,1227820.00,1225244.00,2453064.00,1225244,1227820,986.00,1016.00,2002.00,1016,986,0.00,0.00,0,0
1554108646,1001-eth9,26070.00,1223900.00,1249970.00,1223900,26070,395.00,422.00,817.00,422,395,0.00,0.00,0,0
1554108646,1001-eth7,1221910.00,1221802.00,2443712.00,1221802,1221910,699.00,829.00,1528.00,829,699,0.00,0.00,0,0
1554108646,1001-eth2,10362.00,474184.00,484546.00,474184,10362,157.00,164.00,321.00,164,157,0.00,0.00,0,0
1554108646,1001-eth8,1221874.00,242630.00,1464504.00,242630,1221874,501.00,495.00,996.00,495,501,0.00,0.00,0,0
1554108646,1001-eth10,12738.00,588320.00,601058.00,588320,12738,193.00,204.00,397.00,204,193,0.00,0.00,0,0
1554108646,1001-eth15,1194462.00,471976.00,1666438.00,471976,1194462,327.00,328.00,655.00,328,327,0.00,0.00,0,0
1554108646,1001-eth14,4554.00,204510.00,209064.00,204510,4554,69.00,71.00,140.00,71,69,0.00,0.00,0,0
1554108646,1001-eth16,1212034.00,1212294.00,2424328.00,1212294,1212034,681.00,663.00,1344.00,663,681,0.00,0.00,0,0
1554108646,total,12213708.00,11852376.00,24066084.00,11852376,12213708,7482.00,7690.00,15172.00,7690,7482,0.00,0.00,0,0
1554108647,ens33,0.00,0.00,0.00,0,0,0.00,0.00,0.00,0,0,0.00,0.00,0,0
1554108647,1001-eth4,20328.00,958702.00,979030.00,958702,20328,308.00,331.00,639.00,331,308,0.00,0.00,0,0
1554108647,1001-eth3,1198776.00,429298.00,1628074.00,429298,1198776,524.00,537.00,1061.00,537,524,0.00,0.00,0,0
1554108647,lo,100.00,100.00,200.00,100,100,2.00,2.00,4.00,2,2,0.00,0.00,0,0
1554108647,1001-eth1,1195466.00,1196126.00,2391592.00,1196126,1195466,781.00,791.00,1572.00,791,781,0.00,0.00,0,0
1554108647,1001-eth12,1192336.00,527522.00,1719858.00,527522,1192336,718.00,665.00,1383.00,665,718,0.00,0.00,0,0
1554108647,1001-eth6,14124.00,705286.00,719410.00,705286,14124,214.00,243.00,457.00,243,214,0.00,0.00,0,0
1554108647,1001-eth13,1175234.00,476830.00,1652064.00,476830,1175234,613.00,599.00,1212.00,599,613,0.00,0.00,0,0
1554108647,1001-eth11,1181586.00,1188500.00,2370086.00,1188500,1181586,461.00,478.00,939.00,478,461,0.00,0.00,0,0
1554108647,1001-eth5,1205894.00,1196958.00,2402852.00,1196958,1205894,939.00,927.00,1866.00,927,939,0.00,0.00,0,0
1554108647,1001-eth9,25542.00,1200204.00,1225746.00,1200204,25542,387.00,414.00,801.00,414,387,0.00,0.00,0,0
1554108647,1001-eth7,1195726.00,1190862.00,2386588.00,1190862,1195726,763.00,799.00,1562.00,799,763,0.00,0.00,0,0
1554108647,1001-eth2,15312.00,720096.00,735408.00,720096,15312,232.00,248.00,480.00,248,232,0.00,0.00,0,0
1554108647,1001-eth8,1194296.00,722074.00,1916370.00,722074,1194296,632.00,629.00,1261.00,629,632,0.00,0.00,0,0
1554108647,1001-eth10,12078.00,557120.00,569198.00,557120,12078,183.00,192.00,375.00,192,183,0.00,0.00,0,0
1554108647,1001-eth15,1174392.00,460264.00,1634656.00,460264,1174392,352.00,348.00,700.00,348,352,0.00,0.00,0,0
1554108647,1001-eth14,1716.00,85964.00,87680.00,85964,1716,26.00,30.00,56.00,30,26,0.00,0.00,0,0
1554108647,1001-eth16,1182414.00,1194126.00,2376540.00,1194126,1182414,671.00,651.00,1322.00,651,671,0.00,0.00,0,0
1554108647,total,11985320.00,12810032.00,24795352.00,12810032,11985320,7806.00,7884.00,15690.00,7884,7806,0.00,0.00,0,0
1554108648,ens33,0.00,0.00,0.00,0,0,0.00,0.00,0.00,0,0,0.00,0.00,0,0
1554108648,1001-eth4,12804.00,597140.00,609944.00,597140,12804,194.00,206.00,400.00,206,194,0.00,0.00,0,0
1554108648,1001-eth3,1212666.00,432920.00,1645586.00,432920,1212666,537.00,548.00,1085.00,548,537,0.00,0.00,0,0
1554108648,lo,100.00,100.00,200.00,100,100,2.00,2.00,4.00,2,2,0.00,0.00,0,0
1554108648,1001-eth1,1201720.00,1205144.00,2406864.00,1205144,1201720,788.00,796.00,1584.00,796,788,0.00,0.00,0,0
1554108648,1001-eth12,1203280.00,605970.00,1809250.00,605970,1203280,680.00,625.00,1305.00,625,680,0.00,0.00,0,0
1554108648,1001-eth6,14520.00,720096.00,734616.00,720096,14520,220.00,248.00,468.00,248,220,0.00,0.00,0,0
1554108648,1001-eth13,1188388.00,622814.00,1811202.00,622814,1188388,586.00,595.00,1181.00,595,586,0.00,0.00,0,0
1554108648,1001-eth11,1195608.00,1199032.00,2394640.00,1199032,1195608,476.00,484.00,960.00,484,476,0.00,0.00,0,0
1554108648,1001-eth5,1215262.00,1206208.00,2421470.00,1206208,1215262,1059.00,856.00,1915.00,856,1059,0.00,0.00,0,0
1554108648,1001-eth9,25674.00,1209090.00,1234764.00,1209090,25674,389.00,417.00,806.00,417,389,0.00,0.00,0,0
1554108648,1001-eth7,1209022.00,1207318.00,2416340.00,1207318,1209022,767.00,807.00,1574.00,807,767,0.00,0.00,0,0
1554108648,1001-eth2,13860.00,643084.00,656944.00,643084,13860,210.00,222.00,432.00,222,210,0.00,0.00,0,0
1554108648,1001-eth8,1206420.00,555216.00,1761636.00,555216,1206420,574.00,580.00,1154.00,580,574,0.00,0.00,0,0
1554108648,1001-eth10,11880.00,539348.00,551228.00,539348,11880,180.00,186.00,366.00,186,180,0.00,0.00,0,0
1554108648,1001-eth15,1195716.00,387138.00,1582854.00,387138,1195716,346.00,337.00,683.00,337,346,0.00,0.00,0,0
1554108648,1001-eth14,3498.00,168900.00,172398.00,168900,3498,53.00,58.00,111.00,58,53,0.00,0.00,0,0
1554108648,1001-eth16,1197946.00,1207686.00,2405632.00,1207686,1197946,665.00,659.00,1324.00,659,665,0.00,0.00,0,0
1554108648,total,12108364.00,12507204.00,24615568.00,12507204,12108364,7726.00,7626.00,15352.00,7626,7726,0.00,0.00,0,0
1554108649,ens33,0.00,0.00,0.00,0,0,0.00,0.00,0.00,0,0,0.00,0.00,0,0
1554108649,1001-eth4,15378.00,711210.00,726588.00,711210,15378,233.00,245.00,478.00,245,233,0.00,0.00,0,0
1554108649,1001-eth3,1226862.00,27060.00,1253922.00,27060,1226862,423.00,410.00,833.00,410,423,0.00,0.00,0,0
1554108649,lo,100.00,100.00,200.00,100,100,2.00,2.00,4.00,2,2,0.00,0.00,0,0
1554108649,1001-eth1,1225812.00,1226340.00,2452152.00,1226340,1225812,802.00,810.00,1612.00,810,802,0.00,0.00,0,0
1554108649,1001-eth12,1213734.00,701802.00,1915536.00,701802,1213734,619.00,629.00,1248.00,629,619,0.00,0.00,0,0
1554108649,1001-eth6,14108.00,650984.00,665092.00,650984,14108,208.00,232.00,440.00,232,208,0.00,0.00,0,0
1554108649,1001-eth13,1209320.00,609782.00,1819102.00,609782,1209320,596.00,595.00,1191.00,595,596,0.00,0.00,0,0
1554108649,1001-eth11,1197576.00,1209622.00,2407198.00,1209622,1197576,440.00,447.00,887.00,447,440,0.00,0.00,0,0
1554108649,1001-eth5,1223576.00,1222850.00,2446426.00,1222850,1223576,812.00,801.00,1613.00,801,812,0.00,0.00,0,0
1554108649,1001-eth9,26136.00,1225414.00,1251550.00,1225414,26136,396.00,423.00,819.00,423,396,0.00,0.00,0,0
1554108649,1001-eth7,1223242.00,1224064.00,2447306.00,1224064,1223242,785.00,810.00,1595.00,810,785,0.00,0.00,0,0
1554108649,1001-eth2,10032.00,463784.00,473816.00,463784,10032,152.00,160.00,312.00,160,152,0.00,0.00,0,0
1554108649,1001-eth8,1224762.00,129282.00,1354044.00,129282,1224762,457.00,445.00,902.00,445,457,0.00,0.00,0,0
1554108649,1001-eth10,12714.00,566468.00,579182.00,566468,12714,189.00,202.00,391.00,202,189,0.00,0.00,0,0
1554108649,1001-eth15,1201636.00,457232.00,1658868.00,457232,1201636,326.00,324.00,650.00,324,326,0.00,0.00,0,0
1554108649,1001-eth14,1914.00,106698.00,108612.00,106698,1914,29.00,37.00,66.00,37,29,0.00,0.00,0,0
1554108649,1001-eth16,1215062.00,1212360.00,2427422.00,1212360,1215062,683.00,664.00,1347.00,664,683,0.00,0.00,0,0
1554108649,total,12241964.00,11745052.00,23987016.00,11745052,12241964,7152.00,7236.00,14388.00,7236,7152,0.00,0.00,0,0
1554108650,ens33,0.00,0.00,0.00,0,0,0.00,0.00,0.00,0,0,0.00,0.00,0,0
1554108650,1001-eth4,11340.66,526973.06,538313.69,527500,11352,171.83,181.82,353.65,182,172,0.00,0.00,0,0
1554108650,1001-eth3,1218411.62,177746.27,1396157.88,177924,1219630,466.53,457.54,924.08,458,467,0.00,0.00,0,0
1554108650,lo,99.90,99.90,199.80,100,100,2.00,2.00,4.00,2,2,0.00,0.00,0,0
1554108650,1001-eth1,1221628.38,1220709.38,2442337.75,1221930,1222850,800.20,808.19,1608.39,809,801,0.00,0.00,0,0
1554108650,1001-eth12,1207390.62,641854.19,1849244.75,642496,1208598,606.39,607.39,1213.79,608,607,0.00,0.00,0,0
1554108650,1001-eth6,22521.48,481284.72,503806.22,481766,22544,239.76,234.77,474.53,235,240,0.00,0.00,0,0
1554108650,1001-eth13,1206273.75,653690.31,1859964.12,654344,1207480,611.39,611.39,1222.78,612,612,0.00,0.00,0,0
1554108650,1001-eth11,1200323.75,1205059.00,2405382.75,1206264,1201524,433.57,439.56,873.13,440,434,0.00,0.00,0,0
1554108650,1001-eth5,1223862.12,1219196.88,2443059.00,1220416,1225086,790.21,807.19,1597.40,808,791,0.00,0.00,0,0
1554108650,1001-eth9,26175.82,1222677.38,1248853.12,1223900,26202,396.60,421.58,818.18,422,397,0.00,0.00,0,0
1554108650,1001-eth7,1222349.62,1220072.00,2442421.75,1221292,1223572,789.21,821.18,1610.39,822,790,0.00,0.00,0,0
1554108650,1001-eth2,12923.08,596543.50,609466.56,597140,12936,195.80,205.79,401.60,206,196,0.00,0.00,0,0
1554108650,1001-eth8,1222379.62,626139.88,1848519.50,626766,1223602,592.41,610.39,1202.80,611,593,0.00,0.00,0,0
1554108650,1001-eth10,16205.79,357264.75,373470.53,357622,16222,172.83,174.83,347.65,175,173,0.00,0.00,0,0
1554108650,1001-eth15,1194179.88,336439.56,1530619.38,336776,1195374,274.73,275.72,550.45,276,275,0.00,0.00,0,0
1554108650,1001-eth14,3626.37,205752.25,209378.62,205958,3630,54.95,70.93,125.87,71,55,0.00,0.00,0,0
1554108650,1001-eth16,1199118.88,1215290.75,2414409.75,1216506,1200318,678.32,660.34,1338.66,661,679,0.00,0.00,0,0
1554108650,total,12208812.00,11906794.00,24115606.00,11918700,12221020,7276.72,7390.61,14667.33,7398,7284,0.00,0.00,0,0
1554108651,ens33,0.00,0.00,0.00,0,0,0.00,0.00,0.00,0,0,0.00,0.00,0,0
1554108651,1001-eth4,19054.95,882255.75,901310.69,883138,19074,288.71,304.70,593.41,305,289,0.00,0.00,0,0
1554108651,1001-eth3,1224745.25,562487.50,1787232.88,563050,1225970,584.42,588.41,1172.83,589,585,0.00,0.00,0,0
1554108651,lo,99.90,99.90,199.80,100,100,2.00,2.00,4.00,2,2,0.00,0.00,0,0
1554108651,1001-eth1,1224455.62,1225114.88,2449570.50,1226340,1225680,799.20,809.19,1608.39,810,800,0.00,0.00,0,0
1554108651,1001-eth12,1213734.00,661848.00,1875582.00,661848,1213734,619.00,616.00,1235.00,616,619,0.00,0.00,0,0
1554108651,1001-eth6,27448.00,508486.00,535934.00,508486,27448,292.00,223.00,515.00,223,292,0.00,0.00,0,0
1554108651,1001-eth13,1212876.00,623210.00,1836086.00,623210,1212876,606.00,601.00,1207.00,601,606,0.00,0.00,0,0
1554108651,1001-eth11,1202316.00,1213706.00,2416022.00,1213706,1202316,446.00,465.00,911.00,465,446,0.00,0.00,0,0
1554108651,1001-eth5,1225284.00,1226340.00,2451624.00,1226340,1225284,794.00,810.00,1604.00,810,794,0.00,0.00,0,0
1554108651,1001-eth9,26136.00,1223900.00,1250036.00,1223900,26136,396.00,422.00,818.00,422,396,0.00,0.00,0,0
1554108651,1001-eth7,1234750.00,1227644.00,2462394.00,1227644,1234750,1091.00,950.00,2041.00,950,1091,0.00,0.00,0,0
1554108651,1001-eth2,14652.00,678628.00,693280.00,678628,14652,222.00,234.00,456.00,234,222,0.00,0.00,0,0
1554108651,1001-eth8,1227562.00,804288.00,2031850.00,804288,1227562,653.00,668.00,1321.00,668,653,0.00,0.00,0,0
1554108651,1001-eth10,23782.00,588068.00,611850.00,588068,23782,253.00,266.00,519.00,266,253,0.00,0.00,0,0
1554108651,1001-eth15,1207568.00,564392.00,1771960.00,564392,1207568,372.00,368.00,740.00,368,372,0.00,0.00,0,0
1554108651,1001-eth14,3960.00,250388.00,254348.00,250388,3960,60.00,86.00,146.00,86,60,0.00,0.00,0,0
1554108651,1001-eth16,1194394.00,1216242.00,2410636.00,1216242,1194394,677.00,657.00,1334.00,657,677,0.00,0.00,0,0
1554108651,total,12285286.00,13459768.00,25745054.00,13459768,12285286,8157.00,8072.00,16229.00,8072,8157,0.00,0.00,0,0
1554108652,ens33,0.00,0.00,0.00,0,0,0.00,0.00,0.00,0,0,0.00,0.00,0,0
1554108652,1001-eth4,14270.00,494922.00,509192.00,494922,14270,187.00,193.00,380.00,193,187,0.00,0.00,0,0
1554108652,1001-eth3,1223846.00,240828.00,1464674.00,240828,1223846,487.00,482.00,969.00,482,487,0.00,0.00,0,0
1554108652,lo,100.00,100.00,200.00,100,100,2.00,2.00,4.00,2,2,0.00,0.00,0,0
1554108652,1001-eth1,1225812.00,1223378.00,2449190.00,1223378,1225812,802.00,809.00,1611.00,809,802,0.00,0.00,0,0
1554108652,1001-eth12,1210310.00,632162.00,1842472.00,632162,1210310,611.00,605.00,1216.00,605,611,0.00,0.00,0,0
1554108652,1001-eth6,16662.00,526126.00,542788.00,526126,16662,221.00,227.00,448.00,227,221,0.00,0.00,0,0
1554108652,1001-eth13,1210244.00,632096.00,1842340.00,632096,1210244,610.00,604.00,1214.00,604,610,0.00,0.00,0,0
1554108652,1001-eth11,1197048.00,1208764.00,2405812.00,1208764,1197048,432.00,434.00,866.00,434,432,0.00,0.00,0,0
1554108652,1001-eth5,1222718.00,1223312.00,2446030.00,1223312,1222718,799.00,808.00,1607.00,808,799,0.00,0.00,0,0
1554108652,1001-eth9,26136.00,1225414.00,1251550.00,1225414,26136,396.00,423.00,819.00,423,396,0.00,0.00,0,0
1554108652,1001-eth7,1232890.00,1220830.00,2453720.00,1220830,1232890,997.00,885.00,1882.00,885,997,0.00,0.00,0,0
1554108652,1001-eth2,10428.00,491956.00,502384.00,491956,10428,158.00,170.00,328.00,170,158,0.00,0.00,0,0
1554108652,1001-eth8,1221540.00,212194.00,1433734.00,212194,1221540,474.00,473.00,947.00,473,474,0.00,0.00,0,0
1554108652,1001-eth10,20222.00,480450.00,500672.00,480450,20222,255.00,237.00,492.00,237,255,0.00,0.00,0,0
1554108652,1001-eth15,1198114.00,350114.00,1548228.00,350114,1198114,273.00,281.00,554.00,281,273,0.00,0.00,0,0
1554108652,1001-eth14,2706.00,161528.00,164234.00,161528,2706,41.00,56.00,97.00,56,41,0.00,0.00,0,0
1554108652,1001-eth16,1201634.00,1212162.00,2413796.00,1212162,1201634,677.00,661.00,1338.00,661,677,0.00,0.00,0,0
1554108652,total,12234680.00,11536336.00,23771016.00,11536336,12234680,7422.00,7350.00,14772.00,7350,7422,0.00,0.00,0,0
1554108653,ens33,0.00,0.00,0.00,0,0,0.00,0.00,0.00,0,0,0.00,0.00,0,0
1554108653,1001-eth4,20753.25,453140.88,473894.12,453594,20774,220.78,224.78,445.55,225,221,0.00,0.00,0,0
1554108653,1001-eth3,1212287.75,38915.09,1251202.88,38954,1213500,417.58,418.58,836.16,419,418,0.00,0.00,0,0
1554108653,lo,99.90,99.90,199.80,100,100,2.00,2.00,4.00,2,2,0.00,0.00,0,0
1554108653,1001-eth1,1210975.00,1213081.00,2424056.00,1214294,1212186,792.21,802.20,1594.41,803,793,0.00,0.00,0,0
1554108653,1001-eth12,1200223.75,628307.69,1828531.50,628936,1201424,607.39,599.40,1206.79,600,608,0.00,0.00,0,0
1554108653,1001-eth6,15098.90,737196.81,752295.75,737934,15114,228.77,254.75,483.52,255,229,0.00,0.00,0,0
1554108653,1001-eth13,1198381.62,610619.38,1809001.00,611230,1199580,601.40,594.41,1195.80,595,602,0.00,0.00,0,0
1554108653,1001-eth11,1191974.00,1200917.12,2392891.25,1202118,1193166,438.56,442.56,881.12,443,439,0.00,0.00,0,0
1554108653,1001-eth5,1215578.50,1211502.50,2427081.00,1212714,1216794,796.20,800.20,1596.40,801,797,0.00,0.00,0,0
1554108653,1001-eth9,26043.96,1213800.25,1239844.25,1215014,26070,394.61,418.58,813.19,419,395,0.00,0.00,0,0
1554108653,1001-eth7,1222105.88,1212487.50,2434593.50,1213700,1223328,895.10,793.21,1688.31,794,896,0.00,0.00,0,0
1554108653,1001-eth2,11461.08,547139.75,558600.81,548234,11484,173.65,188.62,362.28,189,174,0.00,0.00,0,0
1554108653,1001-eth8,1216541.00,223463.08,1440004.00,223910,1218974,478.04,474.05,952.10,475,479,0.00,0.00,0,0
1554108653,1001-eth10,10275.45,507199.62,517475.06,508214,10296,155.69,174.65,330.34,175,156,0.00,0.00,0,0
1554108653,1001-eth15,1190736.50,431201.59,1621938.12,432064,1193118,306.39,315.37,621.76,316,307,0.00,0.00,0,0
1554108653,1001-eth14,4071.86,100181.64,104253.49,100382,4080,47.90,50.90,98.80,51,48,0.00,0.00,0,0
1554108653,1001-eth16,1203505.00,1205341.38,2408846.25,1207752,1205912,674.65,658.68,1333.33,660,676,0.00,0.00,0,0
1554108653,total,12141617.00,11526092.00,23667710.00,11549144,12165900,7225.55,7207.59,14433.13,7222,7240,0.00,0.00,0,0
1554108654,ens33,0.00,0.00,0.00,0,0,0.00,0.00,0.00,0,0,0.00,0.00,0,0
1554108654,1001-eth4,24321.68,560981.06,585302.69,561542,24346,258.74,258.74,517.48,259,259,0.00,0.00,0,0
1554108654,1001-eth3,1223830.25,521030.97,1744861.12,521552,1225054,614.39,621.38,1235.76,622,615,0.00,0.00,0,0
1554108654,lo,99.90,99.90,199.80,100,100,2.00,2.00,4.00,2,2,0.00,0.00,0,0
1554108654,1001-eth1,1221562.50,1223536.50,2445099.00,1224760,1222784,799.20,807.19,1606.39,808,800,0.00,0.00,0,0
1554108654,1001-eth12,1210613.38,631530.50,1842143.88,632162,1211824,611.39,604.40,1215.78,605,612,0.00,0.00,0,0
1554108654,1001-eth6,14043.96,672032.00,686075.94,672704,14058,212.79,231.77,444.56,232,213,0.00,0.00,0,0
1554108654,1001-eth13,1206010.00,621009.00,1827019.00,621630,1207216,607.39,598.40,1205.79,599,608,0.00,0.00,0,0
1554108654,1001-eth11,1192303.75,1204403.62,2396707.25,1205608,1193496,443.56,451.55,895.10,452,444,0.00,0.00,0,0
1554108654,1001-eth5,1219130.88,1219065.00,2438195.75,1220284,1220350,806.19,805.19,1611.39,806,807,0.00,0.00,0,0
1554108654,1001-eth9,25912.09,1222677.38,1248589.50,1223900,25938,392.61,421.58,814.19,422,393,0.00,0.00,0,0
1554108654,1001-eth7,1220903.12,1219065.00,2439968.00,1220284,1222124,789.21,805.19,1594.41,806,790,0.00,0.00,0,0
1554108654,1001-eth2,13382.00,580226.00,593608.00,580226,13382,193.00,213.00,406.00,213,193,0.00,0.00,0,0
1554108654,1001-eth8,1219718.00,517904.00,1737622.00,517904,1219718,613.00,616.00,1229.00,616,613,0.00,0.00,0,0
1554108654,1001-eth10,11946.00,573444.00,585390.00,573444,11946,181.00,198.00,379.00,198,181,0.00,0.00,0,0
1554108654,1001-eth15,1197702.00,486064.00,1683766.00,486064,1197702,329.00,344.00,673.00,344,329,0.00,0.00,0,0
1554108654,1001-eth14,8178.00,211358.00,219536.00,211358,8178,87.00,87.00,174.00,87,87,0.00,0.00,0,0
1554108654,1001-eth16,1209006.00,1207818.00,2416824.00,1207818,1209006,679.00,661.00,1340.00,661,679,0.00,0.00,0,0
1554108654,total,12227222.00,12681340.00,24908562.00,12681340,12227222,7625.00,7732.00,15357.00,7732,7625,0.00,0.00,0,0
1554108655,ens33,0.00,0.00,0.00,0,0,0.00,0.00,0.00,0,0,0.00,0.00,0,0
1554108655,1001-eth4,22772.00,500396.00,523168.00,500396,22772,252.00,254.00,506.00,254,252,0.00,0.00,0,0
1554108655,1001-eth3,1230132.00,508278.00,1738410.00,508278,1230132,670.00,689.00,1359.00,689,670,0.00,0.00,0,0
1554108655,lo,100.00,100.00,200.00,100,100,2.00,2.00,4.00,2,2,0.00,0.00,0,0
1554108655,1001-eth1,1222850.00,1221798.00,2444648.00,1221798,1222850,801.00,807.00,1608.00,807,801,0.00,0.00,0,0
1554108655,1001-eth12,1209126.00,642562.00,1851688.00,642562,1209126,615.00,609.00,1224.00,609,615,0.00,0.00,0,0
1554108655,1001-eth6,14916.00,705286.00,720202.00,705286,14916,226.00,243.00,469.00,243,226,0.00,0.00,0,0
1554108655,1001-eth13,1209914.00,611362.00,1821276.00,611362,1209914,605.00,597.00,1202.00,597,605,0.00,0.00,0,0
1554108655,1001-eth11,1201656.00,1206066.00,2407722.00,1206066,1201656,436.00,437.00,873.00,437,436,0.00,0.00,0,0
1554108655,1001-eth5,1221732.00,1223312.00,2445044.00,1223312,1221732,806.00,808.00,1614.00,808,806,0.00,0.00,0,0
1554108655,1001-eth9,26070.00,1223900.00,1249970.00,1223900,26070,395.00,422.00,817.00,422,395,0.00,0.00,0,0
1554108655,1001-eth7,1222190.00,1223378.00,2445568.00,1223378,1222190,791.00,809.00,1600.00,809,791,0.00,0.00,0,0
1554108655,1001-eth2,22842.00,496774.00,519616.00,496774,22842,243.00,243.00,486.00,243,243,0.00,0.00,0,0
1554108655,1001-eth8,1224594.00,444560.00,1669154.00,444560,1224594,613.00,626.00,1239.00,626,613,0.00,0.00,0,0
1554108655,1001-eth10,11220.00,530462.00,541682.00,530462,11220,170.00,183.00,353.00,183,170,0.00,0.00,0,0
1554108655,1001-eth15,1201914.00,307230.00,1509144.00,307230,1201914,313.00,311.00,624.00,311,313,0.00,0.00,0,0
1554108655,1001-eth14,10904.00,268626.00,279530.00,268626,10904,116.00,121.00,237.00,121,116,0.00,0.00,0,0
1554108655,1001-eth16,1217892.00,1216836.00,2434728.00,1216836,1217892,682.00,666.00,1348.00,666,682,0.00,0.00,0,0
1554108655,total,12270824.00,12330926.00,24601750.00,12330926,12270824,7736.00,7827.00,15563.00,7827,7736,0.00,0.00,0,0
1554108656,ens33,0.00,0.00,0.00,0,0,0.00,0.00,0.00,0,0,0.00,0.00,0,0
1554108656,1001-eth4,34070.00,536650.00,570720.00,536650,34070,363.00,321.00,684.00,321,363,0.00,0.00,0,0
1554108656,1001-eth3,1226630.00,55972.00,1282602.00,55972,1226630,595.00,596.00,1191.00,596,595,0.00,0.00,0,0
1554108656,lo,100.00,100.00,200.00,100,100,2.00,2.00,4.00,2,2,0.00,0.00,0,0
1554108656,1001-eth1,1213568.00,1190576.00,2404144.00,1190576,1213568,792.00,796.00,1588.00,796,792,0.00,0.00,0,0
1554108656,1001-eth12,1178564.00,672706.00,1851270.00,672706,1178564,614.00,605.00,1219.00,605,614,0.00,0.00,0,0
1554108656,1001-eth6,15246.00,709762.00,725008.00,709762,15246,231.00,245.00,476.00,245,231,0.00,0.00,0,0
1554108656,1001-eth13,1203330.00,584572.00,1787902.00,584572,1203330,593.00,586.00,1179.00,586,593,0.00,0.00,0,0
1554108656,1001-eth11,1197180.00,1209292.00,2406472.00,1209292,1197180,434.00,442.00,876.00,442,434,0.00,0.00,0,0
1554108656,1001-eth5,1217124.00,1217322.00,2434446.00,1217322,1217124,802.00,805.00,1607.00,805,802,0.00,0.00,0,0
1554108656,1001-eth9,26004.00,1216462.00,1242466.00,1216462,26004,394.00,419.00,813.00,419,394,0.00,0.00,0,0
1554108656,1001-eth7,1216464.00,1214360.00,2430824.00,1214360,1216464,792.00,804.00,1596.00,804,792,0.00,0.00,0,0
1554108656,1001-eth2,15792.00,319970.00,335762.00,319970,15792,168.00,153.00,321.00,153,168,0.00,0.00,0,0
1554108656,1001-eth8,1220944.00,237802.00,1458746.00,237802,1220944,526.00,533.00,1059.00,533,526,0.00,0.00,0,0
1554108656,1001-eth10,10758.00,500842.00,511600.00,500842,10758,163.00,173.00,336.00,173,163,0.00,0.00,0,0
1554108656,1001-eth15,1206136.00,335600.00,1541736.00,335600,1206136,328.00,324.00,652.00,324,328,0.00,0.00,0,0
1554108656,1001-eth14,4512.00,94392.00,98904.00,94392,4512,48.00,48.00,96.00,48,48,0.00,0.00,0,0
1554108656,1001-eth16,1206176.00,1212096.00,2418272.00,1212096,1206176,680.00,660.00,1340.00,660,680,0.00,0.00,0,0
1554108656,total,12192598.00,11308476.00,23501074.00,11308476,12192598,7525.00,7512.00,15037.00,7512,7525,0.00,0.00,0,0
1554108657,ens33,0.00,0.00,0.00,0,0,0.00,0.00,0.00,0,0,0.00,0.00,0,0
1554108657,1001-eth4,18318.00,604166.00,622484.00,604166,18318,239.00,247.00,486.00,247,239,0.00,0.00,0,0
1554108657,1001-eth3,1236676.00,493364.00,1730040.00,493364,1236676,784.00,662.00,1446.00,662,784,0.00,0.00,0,0
1554108657,lo,100.00,100.00,200.00,100,100,2.00,2.00,4.00,2,2,0.00,0.00,0,0
1554108657,1001-eth1,1220478.00,1177302.00,2397780.00,1177302,1220478,787.00,791.00,1578.00,791,787,0.00,0.00,0,0
1554108657,1001-eth12,1164696.00,662438.00,1827134.00,662438,1164696,600.00,603.00,1203.00,603,600,0.00,0.00,0,0
1554108657,1001-eth6,14982.00,693438.00,708420.00,693438,14982,227.00,239.00,466.00,239,227,0.00,0.00,0,0
1554108657,1001-eth13,1206886.00,623144.00,1830030.00,623144,1206886,603.00,600.00,1203.00,600,603,0.00,0.00,0,0
1554108657,1001-eth11,1197514.00,1205410.00,2402924.00,1205410,1197514,439.00,449.00,888.00,449,439,0.00,0.00,0,0
1554108657,1001-eth5,1222850.00,1220284.00,2443134.00,1220284,1222850,801.00,806.00,1607.00,806,801,0.00,0.00,0,0
1554108657,1001-eth9,26004.00,1220938.00,1246942.00,1220938,26004,394.00,421.00,815.00,421,394,0.00,0.00,0,0
1554108657,1001-eth7,1222982.00,1220284.00,2443266.00,1220284,1222982,803.00,806.00,1609.00,806,803,0.00,0.00,0,0
1554108657,1001-eth2,24346.00,389878.00,414224.00,389878,24346,259.00,203.00,462.00,203,259,0.00,0.00,0,0
1554108657,1001-eth8,1230168.00,602678.00,1832846.00,602678,1230168,738.00,765.00,1503.00,765,738,0.00,0.00,0,0
1554108657,1001-eth10,11022.00,508214.00,519236.00,508214,11022,167.00,175.00,342.00,175,167,0.00,0.00,0,0
1554108657,1001-eth15,1202320.00,337708.00,1540028.00,337708,1202320,336.00,334.00,670.00,334,336,0.00,0.00,0,0
1554108657,1001-eth14,7448.00,200698.00,208146.00,200698,7448,98.00,101.00,199.00,101,98,0.00,0.00,0,0
1554108657,1001-eth16,1212034.00,1212360.00,2424394.00,1212360,1212034,681.00,664.00,1345.00,664,681,0.00,0.00,0,0
1554108657,total,12218824.00,12372404.00,24591228.00,12372404,12218824,7958.00,7868.00,15826.00,7868,7958,0.00,0.00,0,0
1554108658,ens33,0.00,0.00,0.00,0,0,0.00,0.00,0.00,0,0,0.00,0.00,0,0
1554108658,1001-eth4,10824.00,530462.00,541286.00,530462,10824,164.00,183.00,347.00,183,164,0.00,0.00,0,0
1554108658,1001-eth3,1229704.00,310484.00,1540188.00,310484,1229704,672.00,570.00,1242.00,570,672,0.00,0.00,0,0
1554108658,lo,100.00,100.00,200.00,100,100,2.00,2.00,4.00,2,2,0.00,0.00,0,0
1554108658,1001-eth1,1219950.00,1152158.00,2372108.00,1152158,1219950,779.00,783.00,1562.00,783,779,0.00,0.00,0,0
1554108658,1001-eth12,1139420.00,666056.00,1805476.00,666056,1139420,590.00,592.00,1182.00,592,590,0.00,0.00,0,0
1554108658,1001-eth6,13596.00,625312.00,638908.00,625312,13596,206.00,216.00,422.00,216,206,0.00,0.00,0,0
1554108658,1001-eth13,1207084.00,643812.00,1850896.00,643812,1207084,606.00,606.00,1212.00,606,606,0.00,0.00,0,0
1554108658,1001-eth11,1197642.00,1199156.00,2396798.00,1199156,1197642,441.00,442.00,883.00,442,441,0.00,0.00,0,0
1554108658,1001-eth5,1222454.00,1220416.00,2442870.00,1220416,1222454,795.00,808.00,1603.00,808,795,0.00,0.00,0,0
1554108658,1001-eth9,26070.00,1194280.00,1220350.00,1194280,26070,395.00,412.00,807.00,412,395,0.00,0.00,0,0
1554108658,1001-eth7,1220152.00,1220350.00,2440502.00,1220350,1220152,804.00,807.00,1611.00,807,804,0.00,0.00,0,0
1554108658,1001-eth2,20002.00,449580.00,469582.00,449580,20002,231.00,230.00,461.00,230,231,0.00,0.00,0,0
1554108658,1001-eth8,1230370.00,499980.00,1730350.00,499980,1230370,795.00,770.00,1565.00,770,795,0.00,0.00,0,0
1554108658,1001-eth10,12474.00,573444.00,585918.00,573444,12474,189.00,198.00,387.00,198,189,0.00,0.00,0,0
1554108658,1001-eth15,1196310.00,331982.00,1528292.00,331982,1196310,367.00,335.00,702.00,335,367,0.00,0.00,0,0
1554108658,1001-eth14,4092.00,181144.00,185236.00,181144,4092,62.00,68.00,130.00,68,62,0.00,0.00,0,0
1554108658,1001-eth16,1211704.00,1212228.00,2423932.00,1212228,1211704,676.00,662.00,1338.00,662,676,0.00,0.00,0,0
1554108658,total,12161948.00,12010944.00,24172892.00,12010944,12161948,7774.00,7684.00,15458.00,7684,7774,0.00,0.00,0,0
1554108659,ens33,0.00,0.00,0.00,0,0,0.00,0.00,0.00,0,0,0.00,0.00,0,0
1554108659,1001-eth4,10098.00,494918.00,505016.00,494918,10098,153.00,171.00,324.00,171,153,0.00,0.00,0,0
1554108659,1001-eth3,1229424.00,149290.00,1378714.00,149290,1229424,568.00,441.00,1009.00,441,568,0.00,0.00,0,0
1554108659,lo,100.00,100.00,200.00,100,100,2.00,2.00,4.00,2,2,0.00,0.00,0,0
1554108659,1001-eth1,1221596.00,1118326.00,2339922.00,1118326,1221596,782.00,775.00,1557.00,775,782,0.00,0.00,0,0
1554108659,1001-eth12,1105258.00,672834.00,1778092.00,672834,1105258,577.00,585.00,1162.00,585,577,0.00,0.00,0,0
1554108659,1001-eth6,14982.00,690476.00,705458.00,690476,14982,227.00,238.00,465.00,238,227,0.00,0.00,0,0
1554108659,1001-eth13,1207084.00,655726.00,1862810.00,655726,1207084,606.00,611.00,1217.00,611,606,0.00,0.00,0,0
1554108659,1001-eth11,1192968.00,1206726.00,2399694.00,1206726,1192968,436.00,447.00,883.00,447,436,0.00,0.00,0,0
1554108659,1001-eth5,1218964.00,1220284.00,2439248.00,1220284,1218964,786.00,806.00,1592.00,806,786,0.00,0.00,0,0
1554108659,1001-eth9,26268.00,1200204.00,1226472.00,1200204,26268,398.00,414.00,812.00,414,398,0.00,0.00,0,0
1554108659,1001-eth7,1223180.00,1217256.00,2440436.00,1217256,1223180,806.00,804.00,1610.00,804,806,0.00,0.00,0,0
1554108659,1001-eth2,9834.00,512690.00,522524.00,512690,9834,149.00,177.00,326.00,177,149,0.00,0.00,0,0
1554108659,1001-eth8,1234632.00,498418.00,1733050.00,498418,1234632,812.00,617.00,1429.00,617,812,0.00,0.00,0,0
1554108659,1001-eth10,10956.00,508214.00,519170.00,508214,10956,166.00,175.00,341.00,175,166,0.00,0.00,0,0
1554108659,1001-eth15,1196298.00,377324.00,1573622.00,377324,1196298,289.00,298.00,587.00,298,289,0.00,0.00,0,0
1554108659,1001-eth14,4092.00,211948.00,216040.00,211948,4092,62.00,74.00,136.00,74,62,0.00,0.00,0,0
1554108659,1001-eth16,1209072.00,1207884.00,2416956.00,1207884,1209072,680.00,662.00,1342.00,662,680,0.00,0.00,0,0
1554108659,total,12114806.00,11942618.00,24057424.00,11942618,12114806,7499.00,7297.00,14796.00,7297,7499,0.00,0.00,0,0
1554108660,ens33,0.00,0.00,0.00,0,0,0.00,0.00,0.00,0,0,0.00,0.00,0,0
1554108660,1001-eth4,13860.00,666780.00,680640.00,666780,13860,210.00,230.00,440.00,230,210,0.00,0.00,0,0
1554108660,1001-eth3,1224858.00,578372.00,1803230.00,578372,1224858,669.00,646.00,1315.00,646,669,0.00,0.00,0,0
1554108660,lo,100.00,100.00,200.00,100,100,2.00,2.00,4.00,2,2,0.00,0.00,0,0
1554108660,1001-eth1,1223044.00,1134320.00,2357364.00,1134320,1223044,782.00,776.00,1558.00,776,782,0.00,0.00,0,0
1554108660,1001-eth12,1121648.00,696662.00,1818310.00,696662,1121648,584.00,595.00,1179.00,595,584,0.00,0.00,0,0
1554108660,1001-eth6,15312.00,709762.00,725074.00,709762,15312,232.00,245.00,477.00,245,232,0.00,0.00,0,0
1554108660,1001-eth13,1209980.00,672182.00,1882162.00,672182,1209980,606.00,619.00,1225.00,619,606,0.00,0.00,0,0
1554108660,1001-eth11,1201920.00,1212518.00,2414438.00,1212518,1201920,440.00,447.00,887.00,447,440,0.00,0.00,0,0
1554108660,1001-eth5,1226270.00,1223312.00,2449582.00,1223312,1226270,787.00,808.00,1595.00,808,787,0.00,0.00,0,0
1554108660,1001-eth9,26004.00,1209090.00,1235094.00,1209090,26004,394.00,417.00,811.00,417,394,0.00,0.00,0,0
1554108660,1001-eth7,1223114.00,1226340.00,2449454.00,1226340,1223114,805.00,810.00,1615.00,810,805,0.00,0.00,0,0
1554108660,1001-eth2,12540.00,606026.00,618566.00,606026,12540,190.00,209.00,399.00,209,190,0.00,0.00,0,0
1554108660,1001-eth8,1225648.00,451224.00,1676872.00,451224,1225648,624.00,584.00,1208.00,584,624,0.00,0.00,0,0
1554108660,1001-eth10,10824.00,503804.00,514628.00,503804,10824,164.00,174.00,338.00,174,164,0.00,0.00,0,0
1554108660,1001-eth15,1204334.00,489880.00,1694214.00,489880,1204334,323.00,336.00,659.00,336,323,0.00,0.00,0,0
1554108660,1001-eth14,4992.00,238582.00,243574.00,238582,4992,76.00,83.00,159.00,83,76,0.00,0.00,0,0
1554108660,1001-eth16,1217892.00,1216770.00,2434662.00,1216770,1217892,682.00,665.00,1347.00,665,682,0.00,0.00,0,0
1554108660,total,12162340.00,12835724.00,24998064.00,12835724,12162340,7570.00,7646.00,15216.00,7646,7570,0.00,0.00,0,0
1554108661,ens33,0.00,0.00,0.00,0,0,0.00,0.00,0.00,0,0,0.00,0.00,0,0
1554108661,1001-eth4,13002.00,614912.00,627914.00,614912,13002,197.00,212.00,409.00,212,197,0.00,0.00,0,0
1554108661,1001-eth3,1225558.00,119052.00,1344610.00,119052,1225558,491.00,422.00,913.00,422,491,0.00,0.00,0,0
1554108661,lo,100.00,100.00,200.00,100,100,2.00,2.00,4.00,2,2,0.00,0.00,0,0
1554108661,1001-eth1,1224756.00,1146300.00,2371056.00,1146300,1224756,786.00,782.00,1568.00,782,786,0.00,0.00,0,0
1554108661,1001-eth12,1131912.00,638016.00,1769928.00,638016,1131912,564.00,584.00,1148.00,584,564,0.00,0.00,0,0
1554108661,1001-eth6,14982.00,699362.00,714344.00,699362,14982,227.00,241.00,468.00,241,227,0.00,0.00,0,0
1554108661,1001-eth13,1214658.00,777300.00,1991958.00,777300,1214658,633.00,654.00,1287.00,654,633,0.00,0.00,0,0
1554108661,1001-eth11,1201590.00,1208962.00,2410552.00,1208962,1201590,435.00,437.00,872.00,437,435,0.00,0.00,0,0
1554108661,1001-eth5,1223898.00,1226472.00,2450370.00,1226472,1223898,773.00,812.00,1585.00,812,773,0.00,0.00,0,0
1554108661,1001-eth9,26136.00,1195728.00,1221864.00,1195728,26136,396.00,412.00,808.00,412,396,0.00,0.00,0,0
1554108661,1001-eth7,1226010.00,1223312.00,2449322.00,1223312,1226010,805.00,808.00,1613.00,808,805,0.00,0.00,0,0
1554108661,1001-eth2,10630.00,506766.00,517396.00,506766,10630,161.00,175.00,336.00,175,161,0.00,0.00,0,0
1554108661,1001-eth8,1226094.00,212548.00,1438642.00,212548,1226094,543.00,478.00,1021.00,478,543,0.00,0.00,0,0
1554108661,1001-eth10,11088.00,524538.00,535626.00,524538,11088,168.00,181.00,349.00,181,168,0.00,0.00,0,0
1554108661,1001-eth15,1198468.00,364948.00,1563416.00,364948,1198468,278.00,286.00,564.00,286,278,0.00,0.00,0,0
1554108661,1001-eth14,3342.00,151170.00,154512.00,151170,3342,51.00,53.00,104.00,53,51,0.00,0.00,0,0
1554108661,1001-eth16,1215062.00,1216836.00,2431898.00,1216836,1215062,683.00,666.00,1349.00,666,683,0.00,0.00,0,0
1554108661,total,12167286.00,11826322.00,23993608.00,11826322,12167286,7193.00,7205.00,14398.00,7205,7193,0.00,0.00,0,0
1554108662,ens33,0.00,0.00,0.00,0,0,0.00,0.00,0.00,0,0,0.00,0.00,0,0
1554108662,1001-eth4,16302.00,761630.00,777932.00,761630,16302,247.00,263.00,510.00,263,247,0.00,0.00,0,0
1554108662,1001-eth3,1222898.00,608796.00,1831694.00,608796,1222898,605.00,602.00,1207.00,602,605,0.00,0.00,0,0
1554108662,lo,100.00,100.00,200.00,100,100,2.00,2.00,4.00,2,2,0.00,0.00,0,0
1554108662,1001-eth1,1221530.00,1147748.00,2369278.00,1147748,1221530,781.00,782.00,1563.00,782,781,0.00,0.00,0,0
1554108662,1001-eth12,1135142.00,741620.00,1876762.00,741620,1135142,591.00,618.00,1209.00,618,591,0.00,0.00,0,0
1554108662,1001-eth6,13530.00,643084.00,656614.00,643084,13530,205.00,222.00,427.00,222,205,0.00,0.00,0,0
1554108662,1001-eth13,1206754.00,698774.00,1905528.00,698774,1206754,601.00,627.00,1228.00,627,601,0.00,0.00,0,0
1554108662,1001-eth11,1193232.00,1202712.00,2395944.00,1202712,1193232,440.00,452.00,892.00,452,440,0.00,0.00,0,0
1554108662,1001-eth5,1215800.00,1220218.00,2436018.00,1220218,1215800,760.00,805.00,1565.00,805,760,0.00,0.00,0,0
1554108662,1001-eth9,26070.00,1197242.00,1223312.00,1197242,26070,395.00,413.00,808.00,413,395,0.00,0.00,0,0
1554108662,1001-eth7,1219690.00,1220284.00,2439974.00,1220284,1219690,797.00,806.00,1603.00,806,797,0.00,0.00,0,0
1554108662,1001-eth2,12870.00,606026.00,618896.00,606026,12870,195.00,209.00,404.00,209,195,0.00,0.00,0,0
1554108662,1001-eth8,1218672.00,623408.00,1842080.00,623408,1218672,606.00,604.00,1210.00,604,606,0.00,0.00,0,0
1554108662,1001-eth10,12474.00,603064.00,615538.00,603064,12474,189.00,208.00,397.00,208,189,0.00,0.00,0,0
1554108662,1001-eth15,1194726.00,475136.00,1669862.00,475136,1194726,331.00,332.00,663.00,332,331,0.00,0.00,0,0
1554108662,1001-eth14,5082.00,232616.00,237698.00,232616,5082,77.00,80.00,157.00,80,77,0.00,0.00,0,0
1554108662,1001-eth16,1211968.00,1207818.00,2419786.00,1207818,1211968,680.00,661.00,1341.00,661,680,0.00,0.00,0,0
1554108662,total,12126840.00,13190276.00,25317116.00,13190276,12126840,7502.00,7686.00,15188.00,7686,7502,0.00,0.00,0,0
1554108663,ens33,60.00,60.00,120.00,60,60,1.00,1.00,2.00,1,1,0.00,0.00,0,0
1554108663,1001-eth4,13728.00,635716.00,649444.00,635716,13728,208.00,220.00,428.00,220,208,0.00,0.00,0,0
1554108663,1001-eth3,1224564.00,140668.00,1365232.00,140668,1224564,454.00,442.00,896.00,442,454,0.00,0.00,0,0
1554108663,lo,100.00,100.00,200.00,100,100,2.00,2.00,4.00,2,2,0.00,0.00,0,0
1554108663,1001-eth1,1223374.00,1157618.00,2380992.00,1157618,1223374,787.00,785.00,1572.00,785,787,0.00,0.00,0,0
1554108663,1001-eth12,1147888.00,561012.00,1708900.00,561012,1147888,592.00,602.00,1194.00,602,592,0.00,0.00,0,0
1554108663,1001-eth6,14256.00,687514.00,701770.00,687514,14256,216.00,237.00,453.00,237,216,0.00,0.00,0,0
1554108663,1001-eth13,1205228.00,571086.00,1776314.00,571086,1205228,616.00,623.00,1239.00,623,616,0.00,0.00,0,0
1554108663,1001-eth11,1201524.00,1208962.00,2410486.00,1208962,1201524,434.00,437.00,871.00,437,434,0.00,0.00,0,0
1554108663,1001-eth5,1222446.00,1221502.00,2443948.00,1221502,1222446,751.00,817.00,1568.00,817,751,0.00,0.00,0,0
1554108663,1001-eth9,26070.00,1198690.00,1224760.00,1198690,26070,395.00,413.00,808.00,413,395,0.00,0.00,0,0
1554108663,1001-eth7,1222190.00,1221864.00,2444054.00,1221864,1222190,791.00,808.00,1599.00,808,791,0.00,0.00,0,0
1554108663,1001-eth2,8976.00,420802.00,429778.00,420802,8976,136.00,145.00,281.00,145,136,0.00,0.00,0,0
1554108663,1001-eth8,1223842.00,158638.00,1382480.00,158638,1223842,465.00,451.00,916.00,451,465,0.00,0.00,0,0
1554108663,1001-eth10,11880.00,588254.00,600134.00,588254,11880,180.00,203.00,383.00,203,180,0.00,0.00,0,0
1554108663,1001-eth15,1199524.00,402072.00,1601596.00,402072,1199524,294.00,300.00,594.00,300,294,0.00,0.00,0,0
1554108663,1001-eth14,3234.00,149750.00,152984.00,149750,3234,49.00,53.00,102.00,53,49,0.00,0.00,0,0
1554108663,1001-eth16,1213548.00,1216770.00,2430318.00,1216770,1213548,682.00,665.00,1347.00,665,682,0.00,0.00,0,0
1554108663,total,12162432.00,11541078.00,23703510.00,11541078,12162432,7053.00,7204.00,14257.00,7204,7053,0.00,0.00,0,0
1554108664,ens33,0.00,0.00,0.00,0,0,0.00,0.00,0.00,0,0,0.00,0.00,0,0
1554108664,1001-eth4,15510.00,712724.00,728234.00,712724,15510,235.00,246.00,481.00,246,235,0.00,0.00,0,0
1554108664,1001-eth3,1215108.00,564366.00,1779474.00,564366,1215108,574.00,587.00,1161.00,587,574,0.00,0.00,0,0
1554108664,lo,100.00,100.00,200.00,100,100,2.00,2.00,4.00,2,2,0.00,0.00,0,0
1554108664,1001-eth1,1215738.00,1144720.00,2360458.00,1144720,1215738,781.00,780.00,1561.00,780,781,0.00,0.00,0,0
1554108664,1001-eth12,1141370.00,606234.00,1747604.00,606234,1141370,627.00,629.00,1256.00,629,627,0.00,0.00,0,0
1554108664,1001-eth6,14058.00,693438.00,707496.00,693438,14058,213.00,239.00,452.00,239,213,0.00,0.00,0,0
1554108664,1001-eth13,1195768.00,568784.00,1764552.00,568784,1195768,626.00,632.00,1258.00,632,626,0.00,0.00,0,0
1554108664,1001-eth11,1192770.00,1200736.00,2393506.00,1200736,1192770,433.00,444.00,877.00,444,433,0.00,0.00,0,0
1554108664,1001-eth5,1219830.00,1218610.00,2438440.00,1218610,1219830,843.00,869.00,1712.00,869,843,0.00,0.00,0,0
1554108664,1001-eth9,26004.00,1185394.00,1211398.00,1185394,26004,394.00,409.00,803.00,409,394,0.00,0.00,0,0
1554108664,1001-eth7,1215540.00,1217298.00,2432838.00,1217298,1215540,778.00,805.00,1583.00,805,778,0.00,0.00,0,0
1554108664,1001-eth2,11220.00,518614.00,529834.00,518614,11220,170.00,179.00,349.00,179,170,0.00,0.00,0,0
1554108664,1001-eth8,1213396.00,552254.00,1765650.00,552254,1213396,570.00,579.00,1149.00,579,570,0.00,0.00,0,0
1554108664,1001-eth10,11922.00,606068.00,617990.00,606068,11922,181.00,210.00,391.00,210,181,0.00,0.00,0,0
1554108664,1001-eth15,1191892.00,422806.00,1614698.00,422806,1191892,310.00,307.00,617.00,307,310,0.00,0.00,0,0
1554108664,1001-eth14,4752.00,223730.00,228482.00,223730,4752,72.00,77.00,149.00,77,72,0.00,0.00,0,0
1554108664,1001-eth16,1209072.00,1207818.00,2416890.00,1207818,1209072,680.00,661.00,1341.00,661,680,0.00,0.00,0,0
1554108664,total,12094050.00,12643694.00,24737744.00,12643694,12094050,7489.00,7655.00,15144.00,7655,7489,0.00,0.00,0,0
1554108665,ens33,0.00,0.00,0.00,0,0,0.00,0.00,0.00,0,0,0.00,0.00,0,0
1554108665,1001-eth4,11818.00,545272.00,557090.00,545272,11818,179.00,188.00,367.00,188,179,0.00,0.00,0,0
1554108665,1001-eth3,1217402.00,371638.00,1589040.00,371638,1217402,521.00,519.00,1040.00,519,521,0.00,0.00,0,0
1554108665,lo,100.00,100.00,200.00,100,100,2.00,2.00,4.00,2,2,0.00,0.00,0,0
1554108665,1001-eth1,1220346.00,1155120.00,2375466.00,1155120,1220346,785.00,784.00,1569.00,784,785,0.00,0.00,0,0
1554108665,1001-eth12,1154900.00,650338.00,1805238.00,650338,1154900,664.00,661.00,1325.00,661,664,0.00,0.00,0,0
1554108665,1001-eth6,14058.00,715686.00,729744.00,715686,14058,213.00,247.00,460.00,247,213,0.00,0.00,0,0
1554108665,1001-eth13,1192814.00,642244.00,1835058.00,642244,1192814,671.00,670.00,1341.00,670,671,0.00,0.00,0,0
1554108665,1001-eth11,1197312.00,1203170.00,2400482.00,1203170,1197312,436.00,437.00,873.00,437,436,0.00,0.00,0,0
1554108665,1001-eth5,1228736.00,1218476.00,2447212.00,1218476,1228736,956.00,944.00,1900.00,944,956,0.00,0.00,0,0
1554108665,1001-eth9,26070.00,1198690.00,1224760.00,1198690,26070,395.00,413.00,808.00,413,395,0.00,0.00,0,0
1554108665,1001-eth7,1222624.00,1220462.00,2443086.00,1220462,1222624,776.00,809.00,1585.00,809,776,0.00,0.00,0,0
1554108665,1001-eth2,10164.00,469708.00,479872.00,469708,10164,154.00,162.00,316.00,162,154,0.00,0.00,0,0
1554108665,1001-eth8,1220430.00,365784.00,1586214.00,365784,1220430,523.00,518.00,1041.00,518,523,0.00,0.00,0,0
1554108665,1001-eth10,12124.00,629764.00,641888.00,629764,12124,184.00,218.00,402.00,218,184,0.00,0.00,0,0
1554108665,1001-eth15,1192346.00,329536.00,1521882.00,329536,1192346,273.00,276.00,549.00,276,273,0.00,0.00,0,0
1554108665,1001-eth14,5284.00,251902.00,257186.00,251902,5284,80.00,87.00,167.00,87,80,0.00,0.00,0,0
1554108665,1001-eth16,1211968.00,1212294.00,2424262.00,1212294,1211968,680.00,663.00,1343.00,663,680,0.00,0.00,0,0
1554108665,total,12138496.00,12180184.00,24318680.00,12180184,12138496,7492.00,7598.00,15090.00,7598,7492,0.00,0.00,0,0
1554108666,ens33,0.00,0.00,0.00,0,0,0.00,0.00,0.00,0,0,0.00,0.00,0,0
1554108666,1001-eth4,11022.00,509728.00,520750.00,509728,11022,167.00,176.00,343.00,176,167,0.00,0.00,0,0
1554108666,1001-eth3,1221210.00,189442.00,1410652.00,189442,1221210,469.00,457.00,926.00,457,469,0.00,0.00,0,0
1554108666,lo,100.00,100.00,200.00,100,100,2.00,2.00,4.00,2,2,0.00,0.00,0,0
1554108666,1001-eth1,1218238.00,1150710.00,2368948.00,1150710,1218238,775.00,783.00,1558.00,783,775,0.00,0.00,0,0
1554108666,1001-eth12,1146744.00,544168.00,1690912.00,544168,1146744,652.00,632.00,1284.00,632,652,0.00,0.00,0,0
1554108666,1001-eth6,13968.00,724614.00,738582.00,724614,13968,212.00,251.00,463.00,251,212,0.00,0.00,0,0
1554108666,1001-eth13,1199148.00,593668.00,1792816.00,593668,1199148,672.00,658.00,1330.00,658,672,0.00,0.00,0,0
1554108666,1001-eth11,1196982.00,1208632.00,2405614.00,1208632,1196982,431.00,432.00,863.00,432,431,0.00,0.00,0,0
1554108666,1001-eth5,1229586.00,1221252.00,2450838.00,1221252,1229586,925.00,936.00,1861.00,936,925,0.00,0.00,0,0
1554108666,1001-eth9,26070.00,1191318.00,1217388.00,1191318,26070,395.00,411.00,806.00,411,395,0.00,0.00,0,0
1554108666,1001-eth7,1219096.00,1217430.00,2436526.00,1217430,1219096,766.00,807.00,1573.00,807,766,0.00,0.00,0,0
1554108666,1001-eth2,10890.00,502290.00,513180.00,502290,10890,165.00,173.00,338.00,173,165,0.00,0.00,0,0
1554108666,1001-eth8,1218846.00,278368.00,1497214.00,278368,1218846,499.00,488.00,987.00,488,499,0.00,0.00,0,0
1554108666,1001-eth10,12078.00,651970.00,664048.00,651970,12078,183.00,225.00,408.00,225,183,0.00,0.00,0,0
1554108666,1001-eth15,1198138.00,347044.00,1545182.00,347044,1198138,273.00,278.00,551.00,278,273,0.00,0.00,0,0
1554108666,1001-eth14,5412.00,272636.00,278048.00,272636,5412,82.00,94.00,176.00,94,82,0.00,0.00,0,0
1554108666,1001-eth16,1208940.00,1212360.00,2421300.00,1212360,1208940,678.00,664.00,1342.00,664,678,0.00,0.00,0,0
1554108666,total,12136468.00,11815730.00,23952198.00,11815730,12136468,7346.00,7467.00,14813.00,7467,7346,0.00,0.00,0,0
1554108667,ens33,0.00,0.00,0.00,0,0,0.00,0.00,0.00,0,0,0.00,0.00,0,0
1554108667,1001-eth4,16566.00,777888.00,794454.00,777888,16566,251.00,268.00,519.00,268,251,0.00,0.00,0,0
1554108667,1001-eth3,1222624.00,675540.00,1898164.00,675540,1222624,622.00,626.00,1248.00,626,622,0.00,0.00,0,0
1554108667,lo,100.00,100.00,200.00,100,100,2.00,2.00,4.00,2,2,0.00,0.00,0,0
1554108667,1001-eth1,1218568.00,1143140.00,2361708.00,1143140,1218568,780.00,778.00,1558.00,778,780,0.00,0.00,0,0
1554108667,1001-eth12,1128158.00,507296.00,1635454.00,507296,1128158,551.00,556.00,1107.00,556,551,0.00,0.00,0,0
1554108667,1001-eth6,15556.00,829868.00,845424.00,829868,15556,236.00,288.00,524.00,288,236,0.00,0.00,0,0
1554108667,1001-eth13,1211292.00,517444.00,1728736.00,517444,1211292,638.00,622.00,1260.00,622,638,0.00,0.00,0,0
1554108667,1001-eth11,1197444.00,1202052.00,2399496.00,1202052,1197444,438.00,442.00,880.00,442,438,0.00,0.00,0,0
1554108667,1001-eth5,1231578.00,1222248.00,2453826.00,1222248,1231578,1021.00,804.00,1825.00,804,1021,0.00,0.00,0,0
1554108667,1001-eth9,25938.00,1198690.00,1224628.00,1198690,25938,393.00,413.00,806.00,413,393,0.00,0.00,0,0
1554108667,1001-eth7,1221568.00,1217430.00,2438998.00,1217430,1221568,760.00,807.00,1567.00,807,760,0.00,0.00,0,0
1554108667,1001-eth2,12540.00,588254.00,600794.00,588254,12540,190.00,203.00,393.00,203,190,0.00,0.00,0,0
1554108667,1001-eth8,1223148.00,702000.00,1925148.00,702000,1223148,630.00,632.00,1262.00,632,630,0.00,0.00,0,0
1554108667,1001-eth10,10692.00,600102.00,610794.00,600102,10692,162.00,207.00,369.00,207,162,0.00,0.00,0,0
1554108667,1001-eth15,1193868.00,454204.00,1648072.00,454204,1193868,318.00,322.00,640.00,322,318,0.00,0.00,0,0
1554108667,1001-eth14,5148.00,269674.00,274822.00,269674,5148,78.00,93.00,171.00,93,78,0.00,0.00,0,0
1554108667,1001-eth16,1209208.00,1212228.00,2421436.00,1212228,1209208,682.00,662.00,1344.00,662,682,0.00,0.00,0,0
1554108667,total,12143996.00,13118158.00,25262154.00,13118158,12143996,7752.00,7725.00,15477.00,7725,7752,0.00,0.00,0,0
